387
575
417
554
444
499
501
469
531
440
558
416
579
399
594
397
595
386
601
603
604
603
603
602
601
599
599
598
597
595
594
594
591
588
586
584
581
578
574
573
568
566
564
561
556
552
548
543
539
535
532
527
520
517
513
508
502
497
493
462
487
481
477
473
468
463
459
454
450
444
442
438
411
428
425
422
418
415
411
408
405
403
400
399
396
394
392
390
388
387
385
385
384
383
381
383
381
383
383
383
383
385
386
387
389
389
393
393
395
399
401
403
407
409
411
413
418
419
423
427
431
436
438
468
445
450
454
458
461
467
470
477
479
484
491
497
528
505
510
516
520
524
528
532
537
540
545
548
551
555
559
562
564
566
570
574
578
580
583
585
587
590
593
594
595
597
599
600
601
602
602
603
602
601
602
603
600
600
599
599
596
596
594
591
589
588
585
563
580
578
574
570
567
564
561
558
554
549
545
542
511
534
529
525
521
515
510
507
502
497
493
488
485
478
477
470
468
461
457
453
448
445
440
436
433
429
426
422
419
416
412
408
406
403
402
399
397
395
393
391
390
388
386
385
384
384
382
383
382
382
382
388
383
383
385
384
387
387
390
390
392
394
397
398
418
403
407
409
412
416
420
421
426
431
434
437
442
446
451
456
460
465
469
474
476
482
486
490
494
500
504
508
513
518
522
526
532
535
539
544
548
553
557
559
564
566
568
573
574
579
581
584
586
588
590
601
595
596
598
599
600
601
600
603
602
602
602
603
596
601
600
599
599
598
596
593
593
591
588
586
583
581
577
574
571
567
565
561
556
553
549
546
541
538
533
529
525
521
518
512
508
504
498
495
491
486
480
476
470
466
463
458
454
450
446
442
438
435
431
408
424
422
417