543
550
554
559
564
567
569
571
573
572
572
571
568
567
564
559
553
551
525
491
454
418
389
366
353
350
360
382
411
446
481
515
544
564
572
568
555
532
500
464
427
395
371
354
350
359
376
404
437
473
509
538
560
572
569
558
537
506
473
436
401
375
357
350
356
371
397
429
466
500
533
556
569
571
562
543
514
480
442
408
379
360
351
352
367
391
421
457
492
526
551
567
572
566
548
523
488
452
417
384
364
352
351
362
384
412
450
486
518
546
566
572
567
553
528
497
460
424
392
368
355
350
360
378
405
439
476
511
541
560
572
570
557
535
504
468
432
400
373
356
350
356
372
398
432
469
504
536
557
570
572
561
541
512
476
441
406
378
360
350
354
369
392
424
460
496
529
553
568
572
564
547
519
486
448
414
384
363
352
353
363
386
416
450
488
522
548
565
573
567
551
527
492
456
422
389
367
354
352
359
379
408
444
479
514
543
563
572
569
556
533
502
465
430
398
371
355
350
357
374
401
434
472
507
538
559
571
571
559
540
509
474
437
404
376
358
351
355
371
395
426
464
499
531
554
569
571
563
545
516
483
446
412
382
361
351
352
365
388
420
455
492
524
551
566
573
567
550
525
490
455
419
387
365
353
352
362
384
411
446
482
518
546
565
573
569
556
533
498
464
426
395
370
356
350
359
376
405
439
474
508
540
561
571
571
559
538
507
471
435
402
375
358
350
357
373
398
430
466
502
533
557
571
572
562
543
513
479
443
410
380
361
351
354
366
390
422
458
494
527
552
568
572
566
548
523
488
451
415
386
365
351
353
363
383
414
450
486
521
547
565
572
569
553
529
495
459
424
393
368
354
351
360
379
407
440
478
512
540
562
572
571
558
535
504
469
432
400
374
357
351
357
373
398
433
469
505
536
558
570
571
561
540
513
476
441
407
379
358
351
355
369
392
424
460
498
529
553
570
571
565
546
518
484
448
413
385
364
351
352
365
386
416
454
488
521
550
567
573
567
550
527
493
456
420
390
367
354
351
360
382
409
444
480
515
543
564
572
570
557
533
501
465
430
397
372
357
352
357
375
401
436
472
508
538
561
572
571
561
540
508
475
437
403
377
359
350
356
371
396
428
463
500
532
555
569
571
564
544
517
482
445
412
382
360
352
352
366
388
418
455
492
525